              precision    recall  f1-score   support

           #       1.00      1.00      1.00         5
          ''       0.00      0.00      0.00         2
       -LRB-       1.00      0.85      0.92        26
       -RRB-       1.00      0.77      0.87        26
           :       1.00      0.97      0.98        58
     <START>       0.00      0.00      0.00         0
          CC       1.00      0.98      0.99       445
          CD       0.83      0.62      0.71       772
          DT       1.00      0.96      0.98      1632
          EX       0.93      0.93      0.93        14
          FW       0.00      0.00      0.00         1
          IN       0.97      0.95      0.96      1989
          JJ       0.64      0.70      0.67      1149
         JJR       0.68      0.61      0.64        64
         JJS       0.97      0.76      0.85        42
          LS       0.00      0.00      0.00         1
          MD       1.00      0.92      0.96       182
          NN       0.68      0.77      0.72      2485
         NNP       0.64      0.81      0.72      1970
        NNPS       0.69      0.20      0.31        56
         NNS       0.79      0.54      0.64      1166
         PDT       0.67      1.00      0.80         4
         PRP       1.00      0.90      0.95       322
        PRP$       0.99      0.95      0.97       161
          RB       0.82      0.51      0.63       487
         RBR       0.57      0.27      0.36        30
         RBS       0.75      0.75      0.75         4
          RP       0.49      0.62      0.55        37
          TO       1.00      0.99      0.99       434
          VB       0.82      0.86      0.84       507
         VBD       0.78      0.80      0.79       577
         VBG       0.64      0.39      0.49       303
         VBN       0.61      0.65      0.63       430
         VBP       0.89      0.71      0.79       243
         VBZ       0.94      0.73      0.82       402
         WDT       0.97      0.91      0.94        85
          WP       1.00      0.86      0.93        37
         WP$       1.00      0.88      0.93         8
         WRB       1.00      0.97      0.98        29

    accuracy                           0.79     16185
   macro avg       0.76      0.69      0.72     16185
weighted avg       0.81      0.79      0.79     16185

