              precision    recall  f1-score   support

           #       0.00      0.00      0.00         1
          ''       0.00      0.00      0.00         1
       -LRB-       1.00      0.82      0.90        22
       -RRB-       1.00      0.82      0.90        22
           :       1.00      0.90      0.95        52
     <START>       0.00      0.00      0.00         0
          CC       1.00      0.96      0.98       461
          CD       0.78      0.64      0.71       717
          DT       0.99      0.97      0.98      1624
          EX       0.89      0.80      0.84        10
          IN       0.98      0.95      0.96      1957
          JJ       0.65      0.69      0.67      1140
         JJR       0.76      0.56      0.64        90
         JJS       0.92      0.67      0.77        36
          LS       0.00      0.00      0.00         2
          MD       0.99      0.94      0.97       173
          NN       0.70      0.76      0.73      2550
         NNP       0.62      0.85      0.72      1931
        NNPS       0.62      0.20      0.30        41
         NNS       0.81      0.51      0.63      1183
         PDT       0.67      0.50      0.57         4
         PRP       0.99      0.94      0.96       288
        PRP$       0.99      0.90      0.95       145
          RB       0.80      0.52      0.63       482
         RBR       0.44      0.22      0.29        32
         RBS       0.83      0.62      0.71         8
          RP       0.58      0.76      0.66        42
          TO       0.99      0.98      0.99       426
          UH       0.00      0.00      0.00         1
          VB       0.89      0.80      0.84       502
         VBD       0.85      0.77      0.81       614
         VBG       0.57      0.41      0.48       283
         VBN       0.61      0.60      0.61       414
         VBP       0.91      0.76      0.83       234
         VBZ       0.84      0.81      0.82       383
         WDT       0.92      0.90      0.91        93
          WP       0.97      0.81      0.89        43
         WP$       1.00      1.00      1.00         2
         WRB       1.00      0.88      0.94        33

    accuracy                           0.79     16042
   macro avg       0.73      0.65      0.68     16042
weighted avg       0.81      0.79      0.79     16042

